1: [(5, 10)]
2: [(6, 10)]
3: [(7, 10)]
4: [(8, 10)]
5: [(1, 10), (6, 10), (9, 5), (11, 5)]
6: [(2, 10), (5, 10), (7, 10)]
7: [(3, 10), (6, 10), (8, 10)]
8: [(4, 10), (7, 10), (10, 5), (27, 5)]
9: [(5, 5)]
10: [(8, 5)]
11: [(5, 5), (12, 5)]
12: [(11, 5), (13, 5)]
13: [(12, 5), (14, 5), (15, 3), (18, 10)]
14: [(13, 5), (16, 3)]
15: [(13, 3), (16, 5)]
16: [(14, 3), (15, 5), (17, 2)]
17: [(16, 2)]
18: [(13, 10), (19, 3), (21, 5)]
19: [(18, 3), (20, 5)]
20: [(19, 5), (21, 3)]
21: [(18, 5), (20, 3), (22, 2)]
22: [(21, 2), (23, 5), (24, 5)]
23: [(22, 5)]
24: [(22, 5), (25, 5)]
25: [(24, 5), (26, 2)]
26: [(25, 2)]
27: [(8, 5), (28, 5)]
28: [(27, 5), (29, 5)]
29: [(28, 5), (30, 3), (32, 5), (34, 7)]
30: [(29, 3), (31, 5)]
31: [(30, 5), (32, 3)]
32: [(29, 5), (31, 3), (33, 2)]
33: [(32, 2)]
34: [(29, 7), (35, 3), (36, 3), (37, 10)]
35: [(34, 3)]
36: [(34, 3)]
37: [(34, 10), (38, 3), (39, 3)]
38: [(37, 3)]
39: [(37, 3)]